/*
 * JCeliac Copyright (C) 2010-2014 by Sebastian Hegenbart <shegen at cosy.sbg.ac.at>
 * 
 * The source code of this software is not yet made available to the open source 
 * community. If you obtained this source code without permission of the author 
 * please remove all the source files.
 * 
 * The above copyright notice and this permission notice shall be included in
 * all copies or substantial portions of the Software.
 */
package jceliac.tools.transforms.steerablePyramid;

/**
 *
 * @author shegen
 */
public class SP0Filters
        extends SPFilters
{

    public SP0Filters()
    {
        this.harmonics = new double[][]{{0.000000000000000000000000000000e+00 }};
        this.mtxFilter = new double[][]{{1.000000000000000000000000000000e+00 }};
        this.bFilter = new double[][]{{-9.066000000000000273725486721332e-05 },{-1.738640000000000063878902167858e-03 },{-4.942499999999999844846332308634e-03 },{-7.889389999999999597557476249676e-03 },{-1.009472999999999967557506863614e-02 },{-7.889389999999999597557476249676e-03 },{-4.942499999999999844846332308634e-03 },{-1.738640000000000063878902167858e-03 },{-9.066000000000000273725486721332e-05 },{-1.738640000000000063878902167858e-03 },{-4.625149999999999747557488660732e-03 },{-7.272540000000000080804252178268e-03 },{-7.623409999999999735187383720358e-03 },{-9.091949999999999684763274387933e-03 },{-7.623409999999999735187383720358e-03 },{-7.272540000000000080804252178268e-03 },{-4.625149999999999747557488660732e-03 },{-1.738640000000000063878902167858e-03 },{-4.942499999999999844846332308634e-03 },{-7.272540000000000080804252178268e-03 },{-2.129539999999999905222480833800e-02 },{-2.435661999999999896560076706464e-02 },{-3.487007999999999774409786823526e-02 },{-2.435661999999999896560076706464e-02 },{-2.129539999999999905222480833800e-02 },{-7.272540000000000080804252178268e-03 },{-4.942499999999999844846332308634e-03 },{-7.889389999999999597557476249676e-03 },{-7.623409999999999735187383720358e-03 },{-2.435661999999999896560076706464e-02 },{-1.730465999999999948677498196048e-02 },{-3.158604999999999746185253002295e-02 },{-1.730465999999999948677498196048e-02 },{-2.435661999999999896560076706464e-02 },{-7.623409999999999735187383720358e-03 },{-7.889389999999999597557476249676e-03 },{-1.009472999999999967557506863614e-02 },{-9.091949999999999684763274387933e-03 },{-3.487007999999999774409786823526e-02 },{-3.158604999999999746185253002295e-02 },{9.464194999999999691198127038660e-01 },{-3.158604999999999746185253002295e-02 },{-3.487007999999999774409786823526e-02 },{-9.091949999999999684763274387933e-03 },{-1.009472999999999967557506863614e-02 },{-7.889389999999999597557476249676e-03 },{-7.623409999999999735187383720358e-03 },{-2.435661999999999896560076706464e-02 },{-1.730465999999999948677498196048e-02 },{-3.158604999999999746185253002295e-02 },{-1.730465999999999948677498196048e-02 },{-2.435661999999999896560076706464e-02 },{-7.623409999999999735187383720358e-03 },{-7.889389999999999597557476249676e-03 },{-4.942499999999999844846332308634e-03 },{-7.272540000000000080804252178268e-03 },{-2.129539999999999905222480833800e-02 },{-2.435661999999999896560076706464e-02 },{-3.487007999999999774409786823526e-02 },{-2.435661999999999896560076706464e-02 },{-2.129539999999999905222480833800e-02 },{-7.272540000000000080804252178268e-03 },{-4.942499999999999844846332308634e-03 },{-1.738640000000000063878902167858e-03 },{-4.625149999999999747557488660732e-03 },{-7.272540000000000080804252178268e-03 },{-7.623409999999999735187383720358e-03 },{-9.091949999999999684763274387933e-03 },{-7.623409999999999735187383720358e-03 },{-7.272540000000000080804252178268e-03 },{-4.625149999999999747557488660732e-03 },{-1.738640000000000063878902167858e-03 },{-9.066000000000000273725486721332e-05 },{-1.738640000000000063878902167858e-03 },{-4.942499999999999844846332308634e-03 },{-7.889389999999999597557476249676e-03 },{-1.009472999999999967557506863614e-02 },{-7.889389999999999597557476249676e-03 },{-4.942499999999999844846332308634e-03 },{-1.738640000000000063878902167858e-03 },{-9.066000000000000273725486721332e-05 }};
        this.loFilter = new double[][]{{-2.257000000000000108565934020532e-04, -8.064399999999999563496388965689e-04, -5.686000000000000109039513529474e-05, 8.741400000000000298366886752888e-04, -1.862800000000000121957305365683e-04, -1.031639999999999900842651001653e-03, -1.871920000000000007533973445106e-03, -1.031639999999999900842651001653e-03, -1.862800000000000121957305365683e-04, 8.741400000000000298366886752888e-04, -5.686000000000000109039513529474e-05, -8.064399999999999563496388965689e-04, -2.257000000000000108565934020532e-04},{-8.064399999999999563496388965689e-04, 1.417620000000000077960971012203e-03, -1.903800000000000034339892041046e-04, -2.449059999999999865522015696229e-03, -4.596420000000000366524588457651e-03, -7.006740000000000016810997038874e-03, -6.948900000000000042044145942555e-03, -7.006740000000000016810997038874e-03, -4.596420000000000366524588457651e-03, -2.449059999999999865522015696229e-03, -1.903800000000000034339892041046e-04, 1.417620000000000077960971012203e-03, -8.064399999999999563496388965689e-04},{-5.686000000000000109039513529474e-05, -1.903800000000000034339892041046e-04, -3.059759999999999910413883696947e-03, -6.400999999999999572064535158233e-03, -6.720799999999999864430666463022e-03, -5.236180000000000001048050535246e-03, -3.781599999999999978800291344783e-03, -5.236180000000000001048050535246e-03, -6.720799999999999864430666463022e-03, -6.400999999999999572064535158233e-03, -3.059759999999999910413883696947e-03, -1.903800000000000034339892041046e-04, -5.686000000000000109039513529474e-05},{8.741400000000000298366886752888e-04, -2.449059999999999865522015696229e-03, -6.400999999999999572064535158233e-03, -5.260019999999999799900063379710e-03, 3.938620000000000315187875798983e-03, 1.722078000000000150282453148520e-02, 2.449600000000000041278092055563e-02, 1.722078000000000150282453148520e-02, 3.938620000000000315187875798983e-03, -5.260019999999999799900063379710e-03, -6.400999999999999572064535158233e-03, -2.449059999999999865522015696229e-03, 8.741400000000000298366886752888e-04},{-1.862800000000000121957305365683e-04, -4.596420000000000366524588457651e-03, -6.720799999999999864430666463022e-03, 3.938620000000000315187875798983e-03, 3.220743999999999690464491663988e-02, 6.306261999999999978694376068233e-02, 7.624673999999999340904111022610e-02, 6.306261999999999978694376068233e-02, 3.220743999999999690464491663988e-02, 3.938620000000000315187875798983e-03, -6.720799999999999864430666463022e-03, -4.596420000000000366524588457651e-03, -1.862800000000000121957305365683e-04},{-1.031639999999999900842651001653e-03, -7.006740000000000016810997038874e-03, -5.236180000000000001048050535246e-03, 1.722078000000000150282453148520e-02, 6.306261999999999978694376068233e-02, 1.116387999999999963707253414213e-01, 1.348998999999999892640545340328e-01, 1.116387999999999963707253414213e-01, 6.306261999999999978694376068233e-02, 1.722078000000000150282453148520e-02, -5.236180000000000001048050535246e-03, -7.006740000000000016810997038874e-03, -1.031639999999999900842651001653e-03},{-1.871920000000000007533973445106e-03, -6.948900000000000042044145942555e-03, -3.781599999999999978800291344783e-03, 2.449600000000000041278092055563e-02, 7.624673999999999340904111022610e-02, 1.348998999999999892640545340328e-01, 1.576508000000000075946360311718e-01, 1.348998999999999892640545340328e-01, 7.624673999999999340904111022610e-02, 2.449600000000000041278092055563e-02, -3.781599999999999978800291344783e-03, -6.948900000000000042044145942555e-03, -1.871920000000000007533973445106e-03},{-1.031639999999999900842651001653e-03, -7.006740000000000016810997038874e-03, -5.236180000000000001048050535246e-03, 1.722078000000000150282453148520e-02, 6.306261999999999978694376068233e-02, 1.116387999999999963707253414213e-01, 1.348998999999999892640545340328e-01, 1.116387999999999963707253414213e-01, 6.306261999999999978694376068233e-02, 1.722078000000000150282453148520e-02, -5.236180000000000001048050535246e-03, -7.006740000000000016810997038874e-03, -1.031639999999999900842651001653e-03},{-1.862800000000000121957305365683e-04, -4.596420000000000366524588457651e-03, -6.720799999999999864430666463022e-03, 3.938620000000000315187875798983e-03, 3.220743999999999690464491663988e-02, 6.306261999999999978694376068233e-02, 7.624673999999999340904111022610e-02, 6.306261999999999978694376068233e-02, 3.220743999999999690464491663988e-02, 3.938620000000000315187875798983e-03, -6.720799999999999864430666463022e-03, -4.596420000000000366524588457651e-03, -1.862800000000000121957305365683e-04},{8.741400000000000298366886752888e-04, -2.449059999999999865522015696229e-03, -6.400999999999999572064535158233e-03, -5.260019999999999799900063379710e-03, 3.938620000000000315187875798983e-03, 1.722078000000000150282453148520e-02, 2.449600000000000041278092055563e-02, 1.722078000000000150282453148520e-02, 3.938620000000000315187875798983e-03, -5.260019999999999799900063379710e-03, -6.400999999999999572064535158233e-03, -2.449059999999999865522015696229e-03, 8.741400000000000298366886752888e-04},{-5.686000000000000109039513529474e-05, -1.903800000000000034339892041046e-04, -3.059759999999999910413883696947e-03, -6.400999999999999572064535158233e-03, -6.720799999999999864430666463022e-03, -5.236180000000000001048050535246e-03, -3.781599999999999978800291344783e-03, -5.236180000000000001048050535246e-03, -6.720799999999999864430666463022e-03, -6.400999999999999572064535158233e-03, -3.059759999999999910413883696947e-03, -1.903800000000000034339892041046e-04, -5.686000000000000109039513529474e-05},{-8.064399999999999563496388965689e-04, 1.417620000000000077960971012203e-03, -1.903800000000000034339892041046e-04, -2.449059999999999865522015696229e-03, -4.596420000000000366524588457651e-03, -7.006740000000000016810997038874e-03, -6.948900000000000042044145942555e-03, -7.006740000000000016810997038874e-03, -4.596420000000000366524588457651e-03, -2.449059999999999865522015696229e-03, -1.903800000000000034339892041046e-04, 1.417620000000000077960971012203e-03, -8.064399999999999563496388965689e-04},{-2.257000000000000108565934020532e-04, -8.064399999999999563496388965689e-04, -5.686000000000000109039513529474e-05, 8.741400000000000298366886752888e-04, -1.862800000000000121957305365683e-04, -1.031639999999999900842651001653e-03, -1.871920000000000007533973445106e-03, -1.031639999999999900842651001653e-03, -1.862800000000000121957305365683e-04, 8.741400000000000298366886752888e-04, -5.686000000000000109039513529474e-05, -8.064399999999999563496388965689e-04, -2.257000000000000108565934020532e-04}};
        this.hi0Filter = new double[][]{{5.997199999999999840000208806146e-04, -6.068000000000000178574169340528e-05, -3.324900000000000099310837331501e-04, -3.325599999999999736854938703345e-04, -2.406599999999999895967245366890e-04, -3.325599999999999736854938703345e-04, -3.324900000000000099310837331501e-04, -6.068000000000000178574169340528e-05, 5.997199999999999840000208806146e-04},{-6.068000000000000178574169340528e-05, 1.263100000000000019181184418571e-04, 4.927100000000000446301329226628e-04, 1.459699999999999864806754512614e-04, -3.732100000000000130859212355006e-04, 1.459699999999999864806754512614e-04, 4.927100000000000446301329226628e-04, 1.263100000000000019181184418571e-04, -6.068000000000000178574169340528e-05},{-3.324900000000000099310837331501e-04, 4.927100000000000446301329226628e-04, -1.616650000000000074809602956805e-03, -1.437358000000000038398617618896e-02, -2.420138000000000150224721551240e-02, -1.437358000000000038398617618896e-02, -1.616650000000000074809602956805e-03, 4.927100000000000446301329226628e-04, -3.324900000000000099310837331501e-04},{-3.325599999999999736854938703345e-04, 1.459699999999999864806754512614e-04, -1.437358000000000038398617618896e-02, -6.300922999999999940534678444237e-02, -9.623594000000000592276450106510e-02, -6.300922999999999940534678444237e-02, -1.437358000000000038398617618896e-02, 1.459699999999999864806754512614e-04, -3.325599999999999736854938703345e-04},{-2.406599999999999895967245366890e-04, -3.732100000000000130859212355006e-04, -2.420138000000000150224721551240e-02, -9.623594000000000592276450106510e-02, 8.554893000000000080618178799341e-01, -9.623594000000000592276450106510e-02, -2.420138000000000150224721551240e-02, -3.732100000000000130859212355006e-04, -2.406599999999999895967245366890e-04},{-3.325599999999999736854938703345e-04, 1.459699999999999864806754512614e-04, -1.437358000000000038398617618896e-02, -6.300922999999999940534678444237e-02, -9.623594000000000592276450106510e-02, -6.300922999999999940534678444237e-02, -1.437358000000000038398617618896e-02, 1.459699999999999864806754512614e-04, -3.325599999999999736854938703345e-04},{-3.324900000000000099310837331501e-04, 4.927100000000000446301329226628e-04, -1.616650000000000074809602956805e-03, -1.437358000000000038398617618896e-02, -2.420138000000000150224721551240e-02, -1.437358000000000038398617618896e-02, -1.616650000000000074809602956805e-03, 4.927100000000000446301329226628e-04, -3.324900000000000099310837331501e-04},{-6.068000000000000178574169340528e-05, 1.263100000000000019181184418571e-04, 4.927100000000000446301329226628e-04, 1.459699999999999864806754512614e-04, -3.732100000000000130859212355006e-04, 1.459699999999999864806754512614e-04, 4.927100000000000446301329226628e-04, 1.263100000000000019181184418571e-04, -6.068000000000000178574169340528e-05},{5.997199999999999840000208806146e-04, -6.068000000000000178574169340528e-05, -3.324900000000000099310837331501e-04, -3.325599999999999736854938703345e-04, -2.406599999999999895967245366890e-04, -3.325599999999999736854938703345e-04, -3.324900000000000099310837331501e-04, -6.068000000000000178574169340528e-05, 5.997199999999999840000208806146e-04}};
        this.lo0Filter = new double[][]{{-4.514000000000000217131868041065e-04, -1.137099999999999938062045234943e-04, -3.725800000000000140355782551893e-04, -3.743859999999999896291846823715e-03, -3.725800000000000140355782551893e-04, -1.137099999999999938062045234943e-04, -4.514000000000000217131868041065e-04},{-1.137099999999999938062045234943e-04, -6.119519999999999820827767393894e-03, -1.344159999999999972886133292604e-02, -7.563199999999999957600582689565e-03, -1.344159999999999972886133292604e-02, -6.119519999999999820827767393894e-03, -1.137099999999999938062045234943e-04},{-3.725800000000000140355782551893e-04, -1.344159999999999972886133292604e-02, 6.441487999999999380928983327976e-02, 1.524935000000000040465408801538e-01, 6.441487999999999380928983327976e-02, -1.344159999999999972886133292604e-02, -3.725800000000000140355782551893e-04},{-3.743859999999999896291846823715e-03, -7.563199999999999957600582689565e-03, 1.524935000000000040465408801538e-01, 3.153017000000000180648385139648e-01, 1.524935000000000040465408801538e-01, -7.563199999999999957600582689565e-03, -3.743859999999999896291846823715e-03},{-3.725800000000000140355782551893e-04, -1.344159999999999972886133292604e-02, 6.441487999999999380928983327976e-02, 1.524935000000000040465408801538e-01, 6.441487999999999380928983327976e-02, -1.344159999999999972886133292604e-02, -3.725800000000000140355782551893e-04},{-1.137099999999999938062045234943e-04, -6.119519999999999820827767393894e-03, -1.344159999999999972886133292604e-02, -7.563199999999999957600582689565e-03, -1.344159999999999972886133292604e-02, -6.119519999999999820827767393894e-03, -1.137099999999999938062045234943e-04},{-4.514000000000000217131868041065e-04, -1.137099999999999938062045234943e-04, -3.725800000000000140355782551893e-04, -3.743859999999999896291846823715e-03, -3.725800000000000140355782551893e-04, -1.137099999999999938062045234943e-04, -4.514000000000000217131868041065e-04}};
    }
}
