/*
 * JCeliac Copyright (C) 2010-2014 by Sebastian Hegenbart <shegen at cosy.sbg.ac.at>
 * 
 * The source code of this software is not yet made available to the open source 
 * community. If you obtained this source code without permission of the author 
 * please remove all the source files.
 * 
 * The above copyright notice and this permission notice shall be included in
 * all copies or substantial portions of the Software.
 */
package jceliac.tools.transforms.steerablePyramid;

/**
 *
 * @author shegen
 */
public class SP1Filters
        extends SPFilters
{

    public SP1Filters()
    {
        this.harmonics = new double[][]{{1.00000000000000000000e+00}};
        this.mtxFilter = new double[][]{{1.00000000000000000000e+00, 0.00000000000000000000e+00},{0.00000000000000000000e+00, 1.00000000000000000000e+00}};
        this.bFilter = new double[][]{{-6.12588000000000021394e-03, 6.12588000000000021394e-03},{8.05260000000000003562e-03, -1.28741600000000008114e-02},{2.10371399999999993125e-02, -5.64152999999999963526e-03},{1.53688999999999995755e-02, -8.95725999999999987489e-03},{1.85146599999999987574e-02, -0.00000000000000000000e+00},{1.53688999999999995755e-02, 8.95725999999999987489e-03},{2.10371399999999993125e-02, 5.64152999999999963526e-03},{8.05260000000000003562e-03, 1.28741600000000008114e-02},{-6.12588000000000021394e-03, -6.12588000000000021394e-03},{1.28741600000000008114e-02, -8.05260000000000003562e-03},{9.61152000000000013291e-03, -9.61152000000000013291e-03},{-1.02356900000000004131e-02, 4.16840000000000005659e-03},{-6.00945000000000038171e-03, -1.75117000000000002692e-03},{-1.87261999999999997034e-03, -0.00000000000000000000e+00},{-6.00945000000000038171e-03, 1.75117000000000002692e-03},{-1.02356900000000004131e-02, -4.16840000000000005659e-03},{9.61152000000000013291e-03, 9.61152000000000013291e-03},{1.28741600000000008114e-02, 8.05260000000000003562e-03},{5.64152999999999963526e-03, -2.10371399999999993125e-02},{-4.16840000000000005659e-03, 1.02356900000000004131e-02},{2.38218000000000006133e-02, -2.38218000000000006133e-02},{5.37532400000000007423e-02, -1.83690900000000011116e-02},{2.07608599999999990371e-02, -0.00000000000000000000e+00},{5.37532400000000007423e-02, 1.83690900000000011116e-02},{2.38218000000000006133e-02, 2.38218000000000006133e-02},{-4.16840000000000005659e-03, -1.02356900000000004131e-02},{5.64152999999999963526e-03, 2.10371399999999993125e-02},{8.95725999999999987489e-03, -1.53688999999999995755e-02},{1.75117000000000002692e-03, 6.00945000000000038171e-03},{1.83690900000000011116e-02, -5.37532400000000007423e-02},{-1.26565499999999997449e-01, 1.26565499999999997449e-01},{-2.99616800000000016446e-01, -0.00000000000000000000e+00},{-1.26565499999999997449e-01, -1.26565499999999997449e-01},{1.83690900000000011116e-02, 5.37532400000000007423e-02},{1.75117000000000002692e-03, -6.00945000000000038171e-03},{8.95725999999999987489e-03, 1.53688999999999995755e-02},{-0.00000000000000000000e+00, -1.85146599999999987574e-02},{-0.00000000000000000000e+00, 1.87261999999999997034e-03},{-0.00000000000000000000e+00, -2.07608599999999990371e-02},{-0.00000000000000000000e+00, 2.99616800000000016446e-01},{-0.00000000000000000000e+00, -0.00000000000000000000e+00},{-0.00000000000000000000e+00, -2.99616800000000016446e-01},{-0.00000000000000000000e+00, 2.07608599999999990371e-02},{-0.00000000000000000000e+00, -1.87261999999999997034e-03},{-0.00000000000000000000e+00, 1.85146599999999987574e-02},{-8.95725999999999987489e-03, -1.53688999999999995755e-02},{-1.75117000000000002692e-03, 6.00945000000000038171e-03},{-1.83690900000000011116e-02, -5.37532400000000007423e-02},{1.26565499999999997449e-01, 1.26565499999999997449e-01},{2.99616800000000016446e-01, -0.00000000000000000000e+00},{1.26565499999999997449e-01, -1.26565499999999997449e-01},{-1.83690900000000011116e-02, 5.37532400000000007423e-02},{-1.75117000000000002692e-03, -6.00945000000000038171e-03},{-8.95725999999999987489e-03, 1.53688999999999995755e-02},{-5.64152999999999963526e-03, -2.10371399999999993125e-02},{4.16840000000000005659e-03, 1.02356900000000004131e-02},{-2.38218000000000006133e-02, -2.38218000000000006133e-02},{-5.37532400000000007423e-02, -1.83690900000000011116e-02},{-2.07608599999999990371e-02, -0.00000000000000000000e+00},{-5.37532400000000007423e-02, 1.83690900000000011116e-02},{-2.38218000000000006133e-02, 2.38218000000000006133e-02},{4.16840000000000005659e-03, -1.02356900000000004131e-02},{-5.64152999999999963526e-03, 2.10371399999999993125e-02},{-1.28741600000000008114e-02, -8.05260000000000003562e-03},{-9.61152000000000013291e-03, -9.61152000000000013291e-03},{1.02356900000000004131e-02, 4.16840000000000005659e-03},{6.00945000000000038171e-03, -1.75117000000000002692e-03},{1.87261999999999997034e-03, -0.00000000000000000000e+00},{6.00945000000000038171e-03, 1.75117000000000002692e-03},{1.02356900000000004131e-02, -4.16840000000000005659e-03},{-9.61152000000000013291e-03, 9.61152000000000013291e-03},{-1.28741600000000008114e-02, 8.05260000000000003562e-03},{6.12588000000000021394e-03, 6.12588000000000021394e-03},{-8.05260000000000003562e-03, -1.28741600000000008114e-02},{-2.10371399999999993125e-02, -5.64152999999999963526e-03},{-1.53688999999999995755e-02, -8.95725999999999987489e-03},{-1.85146599999999987574e-02, -0.00000000000000000000e+00},{-1.53688999999999995755e-02, 8.95725999999999987489e-03},{-2.10371399999999993125e-02, 5.64152999999999963526e-03},{-8.05260000000000003562e-03, 1.28741600000000008114e-02},{6.12588000000000021394e-03, -6.12588000000000021394e-03}};
        this.loFilter = new double[][]{{-4.35000000000000002550e-05, 1.20780000000000005736e-04, -6.77140000000000011858e-04, -1.24339999999999991981e-04, -8.00640000000000032210e-04, -1.59704000000000009146e-03, -2.51680000000000002672e-04, -4.20200000000000022278e-04, 1.26200000000000010086e-03, -4.20200000000000022278e-04, -2.51680000000000002672e-04, -1.59704000000000009146e-03, -8.00640000000000032210e-04, -1.24339999999999991981e-04, -6.77140000000000011858e-04, 1.20780000000000005736e-04, -4.35000000000000002550e-05},{1.20780000000000005736e-04, 4.46060000000000022018e-04, -5.81460000000000006362e-04, 5.62160000000000025129e-04, -1.36880000000000004055e-04, 2.32554000000000007237e-03, 2.88986000000000017168e-03, 4.28728000000000008390e-03, 5.58939999999999957703e-03, 4.28728000000000008390e-03, 2.88986000000000017168e-03, 2.32554000000000007237e-03, -1.36880000000000004055e-04, 5.62160000000000025129e-04, -5.81460000000000006362e-04, 4.46060000000000022018e-04, 1.20780000000000005736e-04},{-6.77140000000000011858e-04, -5.81460000000000006362e-04, 1.46078000000000006453e-03, 2.16053999999999985643e-03, 3.76136000000000005061e-03, 3.08098000000000009010e-03, 4.11219999999999988316e-03, 2.22121999999999987854e-03, 5.53820000000000006724e-04, 2.22121999999999987854e-03, 4.11219999999999988316e-03, 3.08098000000000009010e-03, 3.76136000000000005061e-03, 2.16053999999999985643e-03, 1.46078000000000006453e-03, -5.81460000000000006362e-04, -6.77140000000000011858e-04},{-1.24339999999999991981e-04, 5.62160000000000025129e-04, 2.16053999999999985643e-03, 3.17578000000000000916e-03, 3.18468000000000006286e-03, -1.77747999999999990207e-03, -7.43170000000000028489e-03, -9.05691999999999955429e-03, -9.63722000000000016129e-03, -9.05691999999999955429e-03, -7.43170000000000028489e-03, -1.77747999999999990207e-03, 3.18468000000000006286e-03, 3.17578000000000000916e-03, 2.16053999999999985643e-03, 5.62160000000000025129e-04, -1.24339999999999991981e-04},{-8.00640000000000032210e-04, -1.36880000000000004055e-04, 3.76136000000000005061e-03, 3.18468000000000006286e-03, -3.53063999999999982016e-03, -1.26041999999999994320e-02, -1.88474400000000000266e-02, -1.75081800000000016582e-02, -1.64856799999999990847e-02, -1.75081800000000016582e-02, -1.88474400000000000266e-02, -1.26041999999999994320e-02, -3.53063999999999982016e-03, 3.18468000000000006286e-03, 3.76136000000000005061e-03, -1.36880000000000004055e-04, -8.00640000000000032210e-04},{-1.59704000000000009146e-03, 2.32554000000000007237e-03, 3.08098000000000009010e-03, -1.77747999999999990207e-03, -1.26041999999999994320e-02, -2.02293800000000016659e-02, -1.10916999999999994764e-02, 3.95565999999999973191e-03, 1.43851199999999995044e-02, 3.95565999999999973191e-03, -1.10916999999999994764e-02, -2.02293800000000016659e-02, -1.26041999999999994320e-02, -1.77747999999999990207e-03, 3.08098000000000009010e-03, 2.32554000000000007237e-03, -1.59704000000000009146e-03},{-2.51680000000000002672e-04, 2.88986000000000017168e-03, 4.11219999999999988316e-03, -7.43170000000000028489e-03, -1.88474400000000000266e-02, -1.10916999999999994764e-02, 2.19065999999999982961e-02, 6.80658400000000024521e-02, 9.05801400000000034307e-02, 6.80658400000000024521e-02, 2.19065999999999982961e-02, -1.10916999999999994764e-02, -1.88474400000000000266e-02, -7.43170000000000028489e-03, 4.11219999999999988316e-03, 2.88986000000000017168e-03, -2.51680000000000002672e-04},{-4.20200000000000022278e-04, 4.28728000000000008390e-03, 2.22121999999999987854e-03, -9.05691999999999955429e-03, -1.75081800000000016582e-02, 3.95565999999999973191e-03, 6.80658400000000024521e-02, 1.44550000000000011813e-01, 1.77365099999999997760e-01, 1.44550000000000011813e-01, 6.80658400000000024521e-02, 3.95565999999999973191e-03, -1.75081800000000016582e-02, -9.05691999999999955429e-03, 2.22121999999999987854e-03, 4.28728000000000008390e-03, -4.20200000000000022278e-04},{1.26200000000000010086e-03, 5.58939999999999957703e-03, 5.53820000000000006724e-04, -9.63722000000000016129e-03, -1.64856799999999990847e-02, 1.43851199999999995044e-02, 9.05801400000000034307e-02, 1.77365099999999997760e-01, 2.12037399999999986999e-01, 1.77365099999999997760e-01, 9.05801400000000034307e-02, 1.43851199999999995044e-02, -1.64856799999999990847e-02, -9.63722000000000016129e-03, 5.53820000000000006724e-04, 5.58939999999999957703e-03, 1.26200000000000010086e-03},{-4.20200000000000022278e-04, 4.28728000000000008390e-03, 2.22121999999999987854e-03, -9.05691999999999955429e-03, -1.75081800000000016582e-02, 3.95565999999999973191e-03, 6.80658400000000024521e-02, 1.44550000000000011813e-01, 1.77365099999999997760e-01, 1.44550000000000011813e-01, 6.80658400000000024521e-02, 3.95565999999999973191e-03, -1.75081800000000016582e-02, -9.05691999999999955429e-03, 2.22121999999999987854e-03, 4.28728000000000008390e-03, -4.20200000000000022278e-04},{-2.51680000000000002672e-04, 2.88986000000000017168e-03, 4.11219999999999988316e-03, -7.43170000000000028489e-03, -1.88474400000000000266e-02, -1.10916999999999994764e-02, 2.19065999999999982961e-02, 6.80658400000000024521e-02, 9.05801400000000034307e-02, 6.80658400000000024521e-02, 2.19065999999999982961e-02, -1.10916999999999994764e-02, -1.88474400000000000266e-02, -7.43170000000000028489e-03, 4.11219999999999988316e-03, 2.88986000000000017168e-03, -2.51680000000000002672e-04},{-1.59704000000000009146e-03, 2.32554000000000007237e-03, 3.08098000000000009010e-03, -1.77747999999999990207e-03, -1.26041999999999994320e-02, -2.02293800000000016659e-02, -1.10916999999999994764e-02, 3.95565999999999973191e-03, 1.43851199999999995044e-02, 3.95565999999999973191e-03, -1.10916999999999994764e-02, -2.02293800000000016659e-02, -1.26041999999999994320e-02, -1.77747999999999990207e-03, 3.08098000000000009010e-03, 2.32554000000000007237e-03, -1.59704000000000009146e-03},{-8.00640000000000032210e-04, -1.36880000000000004055e-04, 3.76136000000000005061e-03, 3.18468000000000006286e-03, -3.53063999999999982016e-03, -1.26041999999999994320e-02, -1.88474400000000000266e-02, -1.75081800000000016582e-02, -1.64856799999999990847e-02, -1.75081800000000016582e-02, -1.88474400000000000266e-02, -1.26041999999999994320e-02, -3.53063999999999982016e-03, 3.18468000000000006286e-03, 3.76136000000000005061e-03, -1.36880000000000004055e-04, -8.00640000000000032210e-04},{-1.24339999999999991981e-04, 5.62160000000000025129e-04, 2.16053999999999985643e-03, 3.17578000000000000916e-03, 3.18468000000000006286e-03, -1.77747999999999990207e-03, -7.43170000000000028489e-03, -9.05691999999999955429e-03, -9.63722000000000016129e-03, -9.05691999999999955429e-03, -7.43170000000000028489e-03, -1.77747999999999990207e-03, 3.18468000000000006286e-03, 3.17578000000000000916e-03, 2.16053999999999985643e-03, 5.62160000000000025129e-04, -1.24339999999999991981e-04},{-6.77140000000000011858e-04, -5.81460000000000006362e-04, 1.46078000000000006453e-03, 2.16053999999999985643e-03, 3.76136000000000005061e-03, 3.08098000000000009010e-03, 4.11219999999999988316e-03, 2.22121999999999987854e-03, 5.53820000000000006724e-04, 2.22121999999999987854e-03, 4.11219999999999988316e-03, 3.08098000000000009010e-03, 3.76136000000000005061e-03, 2.16053999999999985643e-03, 1.46078000000000006453e-03, -5.81460000000000006362e-04, -6.77140000000000011858e-04},{1.20780000000000005736e-04, 4.46060000000000022018e-04, -5.81460000000000006362e-04, 5.62160000000000025129e-04, -1.36880000000000004055e-04, 2.32554000000000007237e-03, 2.88986000000000017168e-03, 4.28728000000000008390e-03, 5.58939999999999957703e-03, 4.28728000000000008390e-03, 2.88986000000000017168e-03, 2.32554000000000007237e-03, -1.36880000000000004055e-04, 5.62160000000000025129e-04, -5.81460000000000006362e-04, 4.46060000000000022018e-04, 1.20780000000000005736e-04},{-4.35000000000000002550e-05, 1.20780000000000005736e-04, -6.77140000000000011858e-04, -1.24339999999999991981e-04, -8.00640000000000032210e-04, -1.59704000000000009146e-03, -2.51680000000000002672e-04, -4.20200000000000022278e-04, 1.26200000000000010086e-03, -4.20200000000000022278e-04, -2.51680000000000002672e-04, -1.59704000000000009146e-03, -8.00640000000000032210e-04, -1.24339999999999991981e-04, -6.77140000000000011858e-04, 1.20780000000000005736e-04, -4.35000000000000002550e-05}};
        this.hi0Filter = new double[][]{{-9.56999999999999951400e-04, -2.42410000000000005029e-04, -1.42471999999999997949e-03, -8.74259999999999967701e-04, -1.16680999999999989586e-03, -8.74259999999999967701e-04, -1.42471999999999997949e-03, -2.42410000000000005029e-04, -9.56999999999999951400e-04},{-2.42410000000000005029e-04, -4.31752999999999997893e-03, 8.99860000000000047858e-04, 9.15642000000000018389e-03, 1.09801199999999994639e-02, 9.15642000000000018389e-03, 8.99860000000000047858e-04, -4.31752999999999997893e-03, -2.42410000000000005029e-04},{-1.42471999999999997949e-03, 8.99860000000000047858e-04, 1.70634700000000007203e-02, 1.09486600000000006833e-02, -5.89778000000000003633e-03, 1.09486600000000006833e-02, 1.70634700000000007203e-02, 8.99860000000000047858e-04, -1.42471999999999997949e-03},{-8.74259999999999967701e-04, 9.15642000000000018389e-03, 1.09486600000000006833e-02, -7.84137000000000028432e-02, -1.56282699999999996621e-01, -7.84137000000000028432e-02, 1.09486600000000006833e-02, 9.15642000000000018389e-03, -8.74259999999999967701e-04},{-1.16680999999999989586e-03, 1.09801199999999994639e-02, -5.89778000000000003633e-03, -1.56282699999999996621e-01, 7.28259300000000053821e-01, -1.56282699999999996621e-01, -5.89778000000000003633e-03, 1.09801199999999994639e-02, -1.16680999999999989586e-03},{-8.74259999999999967701e-04, 9.15642000000000018389e-03, 1.09486600000000006833e-02, -7.84137000000000028432e-02, -1.56282699999999996621e-01, -7.84137000000000028432e-02, 1.09486600000000006833e-02, 9.15642000000000018389e-03, -8.74259999999999967701e-04},{-1.42471999999999997949e-03, 8.99860000000000047858e-04, 1.70634700000000007203e-02, 1.09486600000000006833e-02, -5.89778000000000003633e-03, 1.09486600000000006833e-02, 1.70634700000000007203e-02, 8.99860000000000047858e-04, -1.42471999999999997949e-03},{-2.42410000000000005029e-04, -4.31752999999999997893e-03, 8.99860000000000047858e-04, 9.15642000000000018389e-03, 1.09801199999999994639e-02, 9.15642000000000018389e-03, 8.99860000000000047858e-04, -4.31752999999999997893e-03, -2.42410000000000005029e-04},{-9.56999999999999951400e-04, -2.42410000000000005029e-04, -1.42471999999999997949e-03, -8.74259999999999967701e-04, -1.16680999999999989586e-03, -8.74259999999999967701e-04, -1.42471999999999997949e-03, -2.42410000000000005029e-04, -9.56999999999999951400e-04}};
        this.lo0Filter = new double[][]{{-8.70099999999999953321e-05, -1.35428000000000002372e-03, -1.60125999999999996636e-03, -5.03369999999999945955e-04, 2.52401000000000014234e-03, -5.03369999999999945955e-04, -1.60125999999999996636e-03, -1.35428000000000002372e-03, -8.70099999999999953321e-05},{-1.35428000000000002372e-03, 2.92158000000000001029e-03, 7.52272000000000010123e-03, 8.22441999999999964754e-03, 1.10761999999999991538e-03, 8.22441999999999964754e-03, 7.52272000000000010123e-03, 2.92158000000000001029e-03, -1.35428000000000002372e-03},{-1.60125999999999996636e-03, 7.52272000000000010123e-03, -7.06128999999999958093e-03, -3.76948699999999983778e-02, -3.29713699999999998447e-02, -3.76948699999999983778e-02, -7.06128999999999958093e-03, 7.52272000000000010123e-03, -1.60125999999999996636e-03},{-5.03369999999999945955e-04, 8.22441999999999964754e-03, -3.76948699999999983778e-02, 4.38131999999999965922e-02, 1.81160299999999996334e-01, 4.38131999999999965922e-02, -3.76948699999999983778e-02, 8.22441999999999964754e-03, -5.03369999999999945955e-04},{2.52401000000000014234e-03, 1.10761999999999991538e-03, -3.29713699999999998447e-02, 1.81160299999999996334e-01, 4.37624999999999986233e-01, 1.81160299999999996334e-01, -3.29713699999999998447e-02, 1.10761999999999991538e-03, 2.52401000000000014234e-03},{-5.03369999999999945955e-04, 8.22441999999999964754e-03, -3.76948699999999983778e-02, 4.38131999999999965922e-02, 1.81160299999999996334e-01, 4.38131999999999965922e-02, -3.76948699999999983778e-02, 8.22441999999999964754e-03, -5.03369999999999945955e-04},{-1.60125999999999996636e-03, 7.52272000000000010123e-03, -7.06128999999999958093e-03, -3.76948699999999983778e-02, -3.29713699999999998447e-02, -3.76948699999999983778e-02, -7.06128999999999958093e-03, 7.52272000000000010123e-03, -1.60125999999999996636e-03},{-1.35428000000000002372e-03, 2.92158000000000001029e-03, 7.52272000000000010123e-03, 8.22441999999999964754e-03, 1.10761999999999991538e-03, 8.22441999999999964754e-03, 7.52272000000000010123e-03, 2.92158000000000001029e-03, -1.35428000000000002372e-03},{-8.70099999999999953321e-05, -1.35428000000000002372e-03, -1.60125999999999996636e-03, -5.03369999999999945955e-04, 2.52401000000000014234e-03, -5.03369999999999945955e-04, -1.60125999999999996636e-03, -1.35428000000000002372e-03, -8.70099999999999953321e-05}};
    }

}
