/*
 * JCeliac Copyright (C) 2010-2014 by Sebastian Hegenbart <shegen at cosy.sbg.ac.at>
 * 
 * The source code of this software is not yet made available to the open source 
 * community. If you obtained this source code without permission of the author 
 * please remove all the source files.
 * 
 * The above copyright notice and this permission notice shall be included in
 * all copies or substantial portions of the Software.
 */
package jceliac.tools.transforms.steerablePyramid;

/**
 *
 * @author shegen
 */
public class SP3Filters
        extends SPFilters
{

    public SP3Filters()
    {
        this.harmonics = new double[][]{{1.00000000000000000000e+00, 3.00000000000000000000e+00}};
        this.mtxFilter = new double[][]{{5.00000000000000000000e-01, 3.53600000000000025402e-01, 0.00000000000000000000e+00, -3.53600000000000025402e-01},{-0.00000000000000000000e+00, 3.53600000000000025402e-01, 5.00000000000000000000e-01, 3.53600000000000025402e-01},{5.00000000000000000000e-01, -3.53600000000000025402e-01, 0.00000000000000000000e+00, 3.53600000000000025402e-01},{-0.00000000000000000000e+00, 3.53600000000000025402e-01, -5.00000000000000000000e-01, 3.53600000000000025402e-01}};
        this.bFilter = new double[][]{{-8.11250007249999984665e-04, 0.00000000000000000000e+00, 8.11250007249999984665e-04, 3.12214996669999984152e-03},{4.44515980780000024425e-03, -8.28469987030000022156e-04, -3.91035014759999986766e-03, -8.62044002859999915211e-03},{1.23169803989999996491e-02, -5.71099990340000017571e-05, -1.34626997169999995836e-03, -1.48076098409999998978e-02},{1.39558799560000005441e-02, 4.01100005550000026440e-05, -7.47009995390000001471e-04, -8.08718986809999970666e-03},{1.41794504599999995897e-02, 4.66708978639999993998e-03, 0.00000000000000000000e+00, -4.66708978639999993998e-03},{1.39558799560000005441e-02, 8.08718986809999970666e-03, 7.47009995390000001471e-04, -4.01100005550000026440e-05},{1.23169803989999996491e-02, 1.48076098409999998978e-02, 1.34626997169999995836e-03, 5.71099990340000017571e-05},{4.44515980780000024425e-03, 8.62044002859999915211e-03, 3.91035014759999986766e-03, 8.28469987030000022156e-04},{-8.11250007249999984665e-04, -3.12214996669999984152e-03, -8.11250007249999984665e-04, 0.00000000000000000000e+00},{3.91035014759999986766e-03, 8.28469987030000022156e-04, -4.44515980780000024425e-03, -8.62044002859999915211e-03},{4.45654010399999973846e-03, 0.00000000000000000000e+00, -4.45654010399999973846e-03, -1.49175003169999993713e-02},{-5.87242981420000014631e-03, -9.74799972030000044798e-04, 3.77406994810000010615e-03, 4.48148977010000022086e-03},{-2.87608010690000017937e-03, -6.97189988569999960499e-03, 3.65220010280000026079e-04, -2.32987990599999982705e-03},{8.52676015350000045256e-03, -2.08656000899999985454e-03, 0.00000000000000000000e+00, 2.08656000899999985454e-03},{-2.87608010690000017937e-03, 2.32987990599999982705e-03, -3.65220010280000026079e-04, 6.97189988569999960499e-03},{-5.87242981420000014631e-03, -4.48148977010000022086e-03, -3.77406994810000010615e-03, 9.74799972030000044798e-04},{4.45654010399999973846e-03, 1.49175003169999993713e-02, 4.45654010399999973846e-03, -0.00000000000000000000e+00},{3.91035014759999986766e-03, 8.62044002859999915211e-03, 4.44515980780000024425e-03, -8.28469987030000022156e-04},{1.34626997169999995836e-03, 5.71099990340000017571e-05, -1.23169803989999996491e-02, -1.48076098409999998978e-02},{-3.77406994810000010615e-03, 9.74799972030000044798e-04, 5.87242981420000014631e-03, 4.48148977010000022086e-03},{8.25816020370000007655e-03, 0.00000000000000000000e+00, -8.25816020370000007655e-03, -3.27858701349999989705e-02},{3.94422784449999994094e-02, -1.21455397459999999560e-02, 2.25226804609999983753e-02, -5.07970601319999992551e-02},{5.36056384440000005531e-02, -2.44272891429999985946e-02, 0.00000000000000000000e+00, 2.44272891429999985946e-02},{3.94422784449999994094e-02, 5.07970601319999992551e-02, -2.25226804609999983753e-02, 1.21455397459999999560e-02},{8.25816020370000007655e-03, 3.27858701349999989705e-02, 8.25816020370000007655e-03, 0.00000000000000000000e+00},{-3.77406994810000010615e-03, -4.48148977010000022086e-03, -5.87242981420000014631e-03, -9.74799972030000044798e-04},{1.34626997169999995836e-03, 1.48076098409999998978e-02, 1.23169803989999996491e-02, -5.71099990340000017571e-05},{7.47009995390000001471e-04, -4.01100005550000026440e-05, -1.39558799560000005441e-02, -8.08718986809999970666e-03},{-3.65220010280000026079e-04, 6.97189988569999960499e-03, 2.87608010690000017937e-03, -2.32987990599999982705e-03},{-2.25226804609999983753e-02, 1.21455397459999999560e-02, -3.94422784449999994094e-02, -5.07970601319999992551e-02},{-1.10569067300000004050e-01, 0.00000000000000000000e+00, 1.10569067300000004050e-01, 8.24955031279999972949e-02},{-1.76841929600000002942e-01, -1.51055559499999991768e-01, 0.00000000000000000000e+00, 1.51055559499999991768e-01},{-1.10569067300000004050e-01, -8.24955031279999972949e-02, -1.10569067300000004050e-01, -0.00000000000000000000e+00},{-2.25226804609999983753e-02, 5.07970601319999992551e-02, 3.94422784449999994094e-02, -1.21455397459999999560e-02},{-3.65220010280000026079e-04, 2.32987990599999982705e-03, -2.87608010690000017937e-03, -6.97189988569999960499e-03},{7.47009995390000001471e-04, 8.08718986809999970666e-03, 1.39558799560000005441e-02, 4.01100005550000026440e-05},{0.00000000000000000000e+00, -4.66708978639999993998e-03, -1.41794504599999995897e-02, -4.66708978639999993998e-03},{0.00000000000000000000e+00, 2.08656000899999985454e-03, -8.52676015350000045256e-03, 2.08656000899999985454e-03},{0.00000000000000000000e+00, 2.44272891429999985946e-02, -5.36056384440000005531e-02, 2.44272891429999985946e-02},{0.00000000000000000000e+00, 1.51055559499999991768e-01, 1.76841929600000002942e-01, 1.51055559499999991768e-01},{0.00000000000000000000e+00, 0.00000000000000000000e+00, 0.00000000000000000000e+00, 0.00000000000000000000e+00},{0.00000000000000000000e+00, -1.51055559499999991768e-01, -1.76841929600000002942e-01, -1.51055559499999991768e-01},{0.00000000000000000000e+00, -2.44272891429999985946e-02, 5.36056384440000005531e-02, -2.44272891429999985946e-02},{0.00000000000000000000e+00, -2.08656000899999985454e-03, 8.52676015350000045256e-03, -2.08656000899999985454e-03},{0.00000000000000000000e+00, 4.66708978639999993998e-03, 1.41794504599999995897e-02, 4.66708978639999993998e-03},{-7.47009995390000001471e-04, -8.08718986809999970666e-03, -1.39558799560000005441e-02, -4.01100005550000026440e-05},{3.65220010280000026079e-04, -2.32987990599999982705e-03, 2.87608010690000017937e-03, 6.97189988569999960499e-03},{2.25226804609999983753e-02, -5.07970601319999992551e-02, -3.94422784449999994094e-02, 1.21455397459999999560e-02},{1.10569067300000004050e-01, 8.24955031279999972949e-02, 1.10569067300000004050e-01, 0.00000000000000000000e+00},{1.76841929600000002942e-01, 1.51055559499999991768e-01, 0.00000000000000000000e+00, -1.51055559499999991768e-01},{1.10569067300000004050e-01, 0.00000000000000000000e+00, -1.10569067300000004050e-01, -8.24955031279999972949e-02},{2.25226804609999983753e-02, -1.21455397459999999560e-02, 3.94422784449999994094e-02, 5.07970601319999992551e-02},{3.65220010280000026079e-04, -6.97189988569999960499e-03, -2.87608010690000017937e-03, 2.32987990599999982705e-03},{-7.47009995390000001471e-04, 4.01100005550000026440e-05, 1.39558799560000005441e-02, 8.08718986809999970666e-03},{-1.34626997169999995836e-03, -1.48076098409999998978e-02, -1.23169803989999996491e-02, 5.71099990340000017571e-05},{3.77406994810000010615e-03, 4.48148977010000022086e-03, 5.87242981420000014631e-03, 9.74799972030000044798e-04},{-8.25816020370000007655e-03, -3.27858701349999989705e-02, -8.25816020370000007655e-03, -0.00000000000000000000e+00},{-3.94422784449999994094e-02, -5.07970601319999992551e-02, 2.25226804609999983753e-02, -1.21455397459999999560e-02},{-5.36056384440000005531e-02, 2.44272891429999985946e-02, 0.00000000000000000000e+00, -2.44272891429999985946e-02},{-3.94422784449999994094e-02, 1.21455397459999999560e-02, -2.25226804609999983753e-02, 5.07970601319999992551e-02},{-8.25816020370000007655e-03, 0.00000000000000000000e+00, 8.25816020370000007655e-03, 3.27858701349999989705e-02},{3.77406994810000010615e-03, -9.74799972030000044798e-04, -5.87242981420000014631e-03, -4.48148977010000022086e-03},{-1.34626997169999995836e-03, -5.71099990340000017571e-05, 1.23169803989999996491e-02, 1.48076098409999998978e-02},{-3.91035014759999986766e-03, -8.62044002859999915211e-03, -4.44515980780000024425e-03, 8.28469987030000022156e-04},{-4.45654010399999973846e-03, -1.49175003169999993713e-02, -4.45654010399999973846e-03, -0.00000000000000000000e+00},{5.87242981420000014631e-03, 4.48148977010000022086e-03, 3.77406994810000010615e-03, -9.74799972030000044798e-04},{2.87608010690000017937e-03, -2.32987990599999982705e-03, 3.65220010280000026079e-04, -6.97189988569999960499e-03},{-8.52676015350000045256e-03, 2.08656000899999985454e-03, 0.00000000000000000000e+00, -2.08656000899999985454e-03},{2.87608010690000017937e-03, 6.97189988569999960499e-03, -3.65220010280000026079e-04, 2.32987990599999982705e-03},{5.87242981420000014631e-03, 9.74799972030000044798e-04, -3.77406994810000010615e-03, -4.48148977010000022086e-03},{-4.45654010399999973846e-03, 0.00000000000000000000e+00, 4.45654010399999973846e-03, 1.49175003169999993713e-02},{-3.91035014759999986766e-03, -8.28469987030000022156e-04, 4.44515980780000024425e-03, 8.62044002859999915211e-03},{8.11250007249999984665e-04, 3.12214996669999984152e-03, 8.11250007249999984665e-04, 0.00000000000000000000e+00},{-4.44515980780000024425e-03, -8.62044002859999915211e-03, -3.91035014759999986766e-03, -8.28469987030000022156e-04},{-1.23169803989999996491e-02, -1.48076098409999998978e-02, -1.34626997169999995836e-03, -5.71099990340000017571e-05},{-1.39558799560000005441e-02, -8.08718986809999970666e-03, -7.47009995390000001471e-04, 4.01100005550000026440e-05},{-1.41794504599999995897e-02, -4.66708978639999993998e-03, 0.00000000000000000000e+00, 4.66708978639999993998e-03},{-1.39558799560000005441e-02, -4.01100005550000026440e-05, 7.47009995390000001471e-04, 8.08718986809999970666e-03},{-1.23169803989999996491e-02, 5.71099990340000017571e-05, 1.34626997169999995836e-03, 1.48076098409999998978e-02},{-4.44515980780000024425e-03, 8.28469987030000022156e-04, 3.91035014759999986766e-03, 8.62044002859999915211e-03},{8.11250007249999984665e-04, 0.00000000000000000000e+00, -8.11250007249999984665e-04, -3.12214996669999984152e-03}};
        this.loFilter = new double[][]{{-4.35000001740000019450e-05, 1.20780001449999997232e-04, -6.77140022159999975353e-04, -1.24340003819999999485e-04, -8.00639973019999983891e-04, -1.59703998360000002689e-03, -2.51680001380000012336e-04, -4.20199998190000009995e-04, 1.26199994700000009580e-03, -4.20199998190000009995e-04, -2.51680001380000012336e-04, -1.59703998360000002689e-03, -8.00639973019999983891e-04, -1.24340003819999999485e-04, -6.77140022159999975353e-04, 1.20780001449999997232e-04, -4.35000001740000019450e-05},{1.20780001449999997232e-04, 4.46060003009999986139e-04, -5.81460015380000014296e-04, 5.62159984840000033664e-04, -1.36880000350000008078e-04, 2.32553994280000012745e-03, 2.88985995580000017482e-03, 4.28728014229999999235e-03, 5.58939995240000011417e-03, 4.28728014229999999235e-03, 2.88985995580000017482e-03, 2.32553994280000012745e-03, -1.36880000350000008078e-04, 5.62159984840000033664e-04, -5.81460015380000014296e-04, 4.46060003009999986139e-04, 1.20780001449999997232e-04},{-6.77140022159999975353e-04, -5.81460015380000014296e-04, 1.46078004040000003320e-03, 2.16054008339999987012e-03, 3.76135995610000009592e-03, 3.08097992090000010260e-03, 4.11219988020000010165e-03, 2.22121994009999998779e-03, 5.53819991180000046303e-04, 2.22121994009999998779e-03, 4.11219988020000010165e-03, 3.08097992090000010260e-03, 3.76135995610000009592e-03, 2.16054008339999987012e-03, 1.46078004040000003320e-03, -5.81460015380000014296e-04, -6.77140022159999975353e-04},{-1.24340003819999999485e-04, 5.62159984840000033664e-04, 2.16054008339999987012e-03, 3.17577994429999984141e-03, 3.18467989560000013308e-03, -1.77748000709999996044e-03, -7.43169989440000018643e-03, -9.05692018570000006994e-03, -9.63721983130000001139e-03, -9.05692018570000006994e-03, -7.43169989440000018643e-03, -1.77748000709999996044e-03, 3.18467989560000013308e-03, 3.17577994429999984141e-03, 2.16054008339999987012e-03, 5.62159984840000033664e-04, -1.24340003819999999485e-04},{-8.00639973019999983891e-04, -1.36880000350000008078e-04, 3.76135995610000009592e-03, 3.18467989560000013308e-03, -3.53063992219999987082e-03, -1.26042002810000004775e-02, -1.88474394380000014049e-02, -1.75081808120000001483e-02, -1.64856798950000008053e-02, -1.75081808120000001483e-02, -1.88474394380000014049e-02, -1.26042002810000004775e-02, -3.53063992219999987082e-03, 3.18467989560000013308e-03, 3.76135995610000009592e-03, -1.36880000350000008078e-04, -8.00639973019999983891e-04},{-1.59703998360000002689e-03, 2.32553994280000012745e-03, 3.08097992090000010260e-03, -1.77748000709999996044e-03, -1.26042002810000004775e-02, -2.02293805780000002237e-02, -1.10916998240000001796e-02, 3.95565992219999978258e-03, 1.43851200119999994564e-02, 3.95565992219999978258e-03, -1.10916998240000001796e-02, -2.02293805780000002237e-02, -1.26042002810000004775e-02, -1.77748000709999996044e-03, 3.08097992090000010260e-03, 2.32553994280000012745e-03, -1.59703998360000002689e-03},{-2.51680001380000012336e-04, 2.88985995580000017482e-03, 4.11219988020000010165e-03, -7.43169989440000018643e-03, -1.88474394380000014049e-02, -1.10916998240000001796e-02, 2.19065994020000015530e-02, 6.80658370259999978558e-02, 9.05801430339999991137e-02, 6.80658370259999978558e-02, 2.19065994020000015530e-02, -1.10916998240000001796e-02, -1.88474394380000014049e-02, -7.43169989440000018643e-03, 4.11219988020000010165e-03, 2.88985995580000017482e-03, -2.51680001380000012336e-04},{-4.20199998190000009995e-04, 4.28728014229999999235e-03, 2.22121994009999998779e-03, -9.05692018570000006994e-03, -1.75081808120000001483e-02, 3.95565992219999978258e-03, 6.80658370259999978558e-02, 1.44549980800000005265e-01, 1.77365124200000001675e-01, 1.44549980800000005265e-01, 6.80658370259999978558e-02, 3.95565992219999978258e-03, -1.75081808120000001483e-02, -9.05692018570000006994e-03, 2.22121994009999998779e-03, 4.28728014229999999235e-03, -4.20199998190000009995e-04},{1.26199994700000009580e-03, 5.58939995240000011417e-03, 5.53819991180000046303e-04, -9.63721983130000001139e-03, -1.64856798950000008053e-02, 1.43851200119999994564e-02, 9.05801430339999991137e-02, 1.77365124200000001675e-01, 2.12037444099999999869e-01, 1.77365124200000001675e-01, 9.05801430339999991137e-02, 1.43851200119999994564e-02, -1.64856798950000008053e-02, -9.63721983130000001139e-03, 5.53819991180000046303e-04, 5.58939995240000011417e-03, 1.26199994700000009580e-03},{-4.20199998190000009995e-04, 4.28728014229999999235e-03, 2.22121994009999998779e-03, -9.05692018570000006994e-03, -1.75081808120000001483e-02, 3.95565992219999978258e-03, 6.80658370259999978558e-02, 1.44549980800000005265e-01, 1.77365124200000001675e-01, 1.44549980800000005265e-01, 6.80658370259999978558e-02, 3.95565992219999978258e-03, -1.75081808120000001483e-02, -9.05692018570000006994e-03, 2.22121994009999998779e-03, 4.28728014229999999235e-03, -4.20199998190000009995e-04},{-2.51680001380000012336e-04, 2.88985995580000017482e-03, 4.11219988020000010165e-03, -7.43169989440000018643e-03, -1.88474394380000014049e-02, -1.10916998240000001796e-02, 2.19065994020000015530e-02, 6.80658370259999978558e-02, 9.05801430339999991137e-02, 6.80658370259999978558e-02, 2.19065994020000015530e-02, -1.10916998240000001796e-02, -1.88474394380000014049e-02, -7.43169989440000018643e-03, 4.11219988020000010165e-03, 2.88985995580000017482e-03, -2.51680001380000012336e-04},{-1.59703998360000002689e-03, 2.32553994280000012745e-03, 3.08097992090000010260e-03, -1.77748000709999996044e-03, -1.26042002810000004775e-02, -2.02293805780000002237e-02, -1.10916998240000001796e-02, 3.95565992219999978258e-03, 1.43851200119999994564e-02, 3.95565992219999978258e-03, -1.10916998240000001796e-02, -2.02293805780000002237e-02, -1.26042002810000004775e-02, -1.77748000709999996044e-03, 3.08097992090000010260e-03, 2.32553994280000012745e-03, -1.59703998360000002689e-03},{-8.00639973019999983891e-04, -1.36880000350000008078e-04, 3.76135995610000009592e-03, 3.18467989560000013308e-03, -3.53063992219999987082e-03, -1.26042002810000004775e-02, -1.88474394380000014049e-02, -1.75081808120000001483e-02, -1.64856798950000008053e-02, -1.75081808120000001483e-02, -1.88474394380000014049e-02, -1.26042002810000004775e-02, -3.53063992219999987082e-03, 3.18467989560000013308e-03, 3.76135995610000009592e-03, -1.36880000350000008078e-04, -8.00639973019999983891e-04},{-1.24340003819999999485e-04, 5.62159984840000033664e-04, 2.16054008339999987012e-03, 3.17577994429999984141e-03, 3.18467989560000013308e-03, -1.77748000709999996044e-03, -7.43169989440000018643e-03, -9.05692018570000006994e-03, -9.63721983130000001139e-03, -9.05692018570000006994e-03, -7.43169989440000018643e-03, -1.77748000709999996044e-03, 3.18467989560000013308e-03, 3.17577994429999984141e-03, 2.16054008339999987012e-03, 5.62159984840000033664e-04, -1.24340003819999999485e-04},{-6.77140022159999975353e-04, -5.81460015380000014296e-04, 1.46078004040000003320e-03, 2.16054008339999987012e-03, 3.76135995610000009592e-03, 3.08097992090000010260e-03, 4.11219988020000010165e-03, 2.22121994009999998779e-03, 5.53819991180000046303e-04, 2.22121994009999998779e-03, 4.11219988020000010165e-03, 3.08097992090000010260e-03, 3.76135995610000009592e-03, 2.16054008339999987012e-03, 1.46078004040000003320e-03, -5.81460015380000014296e-04, -6.77140022159999975353e-04},{1.20780001449999997232e-04, 4.46060003009999986139e-04, -5.81460015380000014296e-04, 5.62159984840000033664e-04, -1.36880000350000008078e-04, 2.32553994280000012745e-03, 2.88985995580000017482e-03, 4.28728014229999999235e-03, 5.58939995240000011417e-03, 4.28728014229999999235e-03, 2.88985995580000017482e-03, 2.32553994280000012745e-03, -1.36880000350000008078e-04, 5.62159984840000033664e-04, -5.81460015380000014296e-04, 4.46060003009999986139e-04, 1.20780001449999997232e-04},{-4.35000001740000019450e-05, 1.20780001449999997232e-04, -6.77140022159999975353e-04, -1.24340003819999999485e-04, -8.00639973019999983891e-04, -1.59703998360000002689e-03, -2.51680001380000012336e-04, -4.20199998190000009995e-04, 1.26199994700000009580e-03, -4.20199998190000009995e-04, -2.51680001380000012336e-04, -1.59703998360000002689e-03, -8.00639973019999983891e-04, -1.24340003819999999485e-04, -6.77140022159999975353e-04, 1.20780001449999997232e-04, -4.35000001740000019450e-05}};
        this.hi0Filter = new double[][]{{-4.04839986000000008441e-04, -6.25960004979999977415e-04, -3.78299992010000028331e-05, 8.83870001420000001545e-04, 1.54507998379999999909e-03, 1.92359997889999991688e-03, 2.06875009459999998490e-03, 2.08986992949999981356e-03, 2.06875009459999998490e-03, 1.92359997889999991688e-03, 1.54507998379999999909e-03, 8.83870001420000001545e-04, -3.78299992010000028331e-05, -6.25960004979999977415e-04, -4.04839986000000008441e-04},{-6.25960004979999977415e-04, -3.27349989669999976143e-04, 7.74350017310000042839e-04, 1.58744002690000009757e-03, 2.17507011259999993857e-03, 2.56265001369999998598e-03, 2.28921999220000000133e-03, 1.97551003660000014037e-03, 2.28921999220000000133e-03, 2.56265001369999998598e-03, 2.17507011259999993857e-03, 1.58744002690000009757e-03, 7.74350017310000042839e-04, -3.27349989669999976143e-04, -6.25960004979999977415e-04},{-3.78299992010000028331e-05, 7.74350017310000042839e-04, 1.17932003919999999451e-03, 1.40509998890000001315e-03, 2.22534011119999985961e-03, 2.11452995430000010788e-03, 3.35780001479999974483e-04, -8.33689991850000006179e-04, 3.35780001479999974483e-04, 2.11452995430000010788e-03, 2.22534011119999985961e-03, 1.40509998890000001315e-03, 1.17932003919999999451e-03, 7.74350017310000042839e-04, -3.78299992010000028331e-05},{8.83870001420000001545e-04, 1.58744002690000009757e-03, 1.40509998890000001315e-03, 1.29609997380000004780e-03, -4.92740015030000005902e-04, -3.12952999959999981355e-03, -4.57517988979999970511e-03, -5.10144978760000006313e-03, -4.57517988979999970511e-03, -3.12952999959999981355e-03, -4.92740015030000005902e-04, 1.29609997380000004780e-03, 1.40509998890000001315e-03, 1.58744002690000009757e-03, 8.83870001420000001545e-04},{1.54507998379999999909e-03, 2.17507011259999993857e-03, 2.22534011119999985961e-03, -4.92740015030000005902e-04, -6.32226979360000010399e-03, -2.75560002769999982247e-03, 5.36321988329999978229e-03, 7.30325980110000001766e-03, 5.36321988329999978229e-03, -2.75560002769999982247e-03, -6.32226979360000010399e-03, -4.92740015030000005902e-04, 2.22534011119999985961e-03, 2.17507011259999993857e-03, 1.54507998379999999909e-03},{1.92359997889999991688e-03, 2.56265001369999998598e-03, 2.11452995430000010788e-03, -3.12952999959999981355e-03, -2.75560002769999982247e-03, 1.39623600989999992195e-02, 7.80462985859999968524e-03, -9.38121974469999925228e-03, 7.80462985859999968524e-03, 1.39623600989999992195e-02, -2.75560002769999982247e-03, -3.12952999959999981355e-03, 2.11452995430000010788e-03, 2.56265001369999998598e-03, 1.92359997889999991688e-03},{2.06875009459999998490e-03, 2.28921999220000000133e-03, 3.35780001479999974483e-04, -4.57517988979999970511e-03, 5.36321988329999978229e-03, 7.80462985859999968524e-03, -7.95016363260000052948e-02, -1.55414164100000001811e-01, -7.95016363260000052948e-02, 7.80462985859999968524e-03, 5.36321988329999978229e-03, -4.57517988979999970511e-03, 3.35780001479999974483e-04, 2.28921999220000000133e-03, 2.06875009459999998490e-03},{2.08986992949999981356e-03, 1.97551003660000014037e-03, -8.33689991850000006179e-04, -5.10144978760000006313e-03, 7.30325980110000001766e-03, -9.38121974469999925228e-03, -1.55414164100000001811e-01, 7.30386614800000000258e-01, -1.55414164100000001811e-01, -9.38121974469999925228e-03, 7.30325980110000001766e-03, -5.10144978760000006313e-03, -8.33689991850000006179e-04, 1.97551003660000014037e-03, 2.08986992949999981356e-03},{2.06875009459999998490e-03, 2.28921999220000000133e-03, 3.35780001479999974483e-04, -4.57517988979999970511e-03, 5.36321988329999978229e-03, 7.80462985859999968524e-03, -7.95016363260000052948e-02, -1.55414164100000001811e-01, -7.95016363260000052948e-02, 7.80462985859999968524e-03, 5.36321988329999978229e-03, -4.57517988979999970511e-03, 3.35780001479999974483e-04, 2.28921999220000000133e-03, 2.06875009459999998490e-03},{1.92359997889999991688e-03, 2.56265001369999998598e-03, 2.11452995430000010788e-03, -3.12952999959999981355e-03, -2.75560002769999982247e-03, 1.39623600989999992195e-02, 7.80462985859999968524e-03, -9.38121974469999925228e-03, 7.80462985859999968524e-03, 1.39623600989999992195e-02, -2.75560002769999982247e-03, -3.12952999959999981355e-03, 2.11452995430000010788e-03, 2.56265001369999998598e-03, 1.92359997889999991688e-03},{1.54507998379999999909e-03, 2.17507011259999993857e-03, 2.22534011119999985961e-03, -4.92740015030000005902e-04, -6.32226979360000010399e-03, -2.75560002769999982247e-03, 5.36321988329999978229e-03, 7.30325980110000001766e-03, 5.36321988329999978229e-03, -2.75560002769999982247e-03, -6.32226979360000010399e-03, -4.92740015030000005902e-04, 2.22534011119999985961e-03, 2.17507011259999993857e-03, 1.54507998379999999909e-03},{8.83870001420000001545e-04, 1.58744002690000009757e-03, 1.40509998890000001315e-03, 1.29609997380000004780e-03, -4.92740015030000005902e-04, -3.12952999959999981355e-03, -4.57517988979999970511e-03, -5.10144978760000006313e-03, -4.57517988979999970511e-03, -3.12952999959999981355e-03, -4.92740015030000005902e-04, 1.29609997380000004780e-03, 1.40509998890000001315e-03, 1.58744002690000009757e-03, 8.83870001420000001545e-04},{-3.78299992010000028331e-05, 7.74350017310000042839e-04, 1.17932003919999999451e-03, 1.40509998890000001315e-03, 2.22534011119999985961e-03, 2.11452995430000010788e-03, 3.35780001479999974483e-04, -8.33689991850000006179e-04, 3.35780001479999974483e-04, 2.11452995430000010788e-03, 2.22534011119999985961e-03, 1.40509998890000001315e-03, 1.17932003919999999451e-03, 7.74350017310000042839e-04, -3.78299992010000028331e-05},{-6.25960004979999977415e-04, -3.27349989669999976143e-04, 7.74350017310000042839e-04, 1.58744002690000009757e-03, 2.17507011259999993857e-03, 2.56265001369999998598e-03, 2.28921999220000000133e-03, 1.97551003660000014037e-03, 2.28921999220000000133e-03, 2.56265001369999998598e-03, 2.17507011259999993857e-03, 1.58744002690000009757e-03, 7.74350017310000042839e-04, -3.27349989669999976143e-04, -6.25960004979999977415e-04},{-4.04839986000000008441e-04, -6.25960004979999977415e-04, -3.78299992010000028331e-05, 8.83870001420000001545e-04, 1.54507998379999999909e-03, 1.92359997889999991688e-03, 2.06875009459999998490e-03, 2.08986992949999981356e-03, 2.06875009459999998490e-03, 1.92359997889999991688e-03, 1.54507998379999999909e-03, 8.83870001420000001545e-04, -3.78299992010000028331e-05, -6.25960004979999977415e-04, -4.04839986000000008441e-04}};
        this.lo0Filter = new double[][]{{-8.70099975149999965880e-05, -1.35428004430000010691e-03, -1.60126003900000002736e-03, -5.03370014480000044221e-04, 2.52400990579999991159e-03, -5.03370014480000044221e-04, -1.60126003900000002736e-03, -1.35428004430000010691e-03, -8.70099975149999965880e-05},{-1.35428004430000010691e-03, 2.92158010420000020108e-03, 7.52271991220000019185e-03, 8.22442024950000016847e-03, 1.10761995889999999287e-03, 8.22442024950000016847e-03, 7.52271991220000019185e-03, 2.92158010420000020108e-03, -1.35428004430000010691e-03},{-1.60126003900000002736e-03, 7.52271991220000019185e-03, -7.06129008899999965898e-03, -3.76948714259999970166e-02, -3.29713709650000033613e-02, -3.76948714259999970166e-02, -7.06129008899999965898e-03, 7.52271991220000019185e-03, -1.60126003900000002736e-03},{-5.03370014480000044221e-04, 8.22442024950000016847e-03, -3.76948714259999970166e-02, 4.38131988050000018009e-02, 1.81160300999999995808e-01, 4.38131988050000018009e-02, -3.76948714259999970166e-02, 8.22442024950000016847e-03, -5.03370014480000044221e-04},{2.52400990579999991159e-03, 1.10761995889999999287e-03, -3.29713709650000033613e-02, 1.81160300999999995808e-01, 4.37624990900000010452e-01, 1.81160300999999995808e-01, -3.29713709650000033613e-02, 1.10761995889999999287e-03, 2.52400990579999991159e-03},{-5.03370014480000044221e-04, 8.22442024950000016847e-03, -3.76948714259999970166e-02, 4.38131988050000018009e-02, 1.81160300999999995808e-01, 4.38131988050000018009e-02, -3.76948714259999970166e-02, 8.22442024950000016847e-03, -5.03370014480000044221e-04},{-1.60126003900000002736e-03, 7.52271991220000019185e-03, -7.06129008899999965898e-03, -3.76948714259999970166e-02, -3.29713709650000033613e-02, -3.76948714259999970166e-02, -7.06129008899999965898e-03, 7.52271991220000019185e-03, -1.60126003900000002736e-03},{-1.35428004430000010691e-03, 2.92158010420000020108e-03, 7.52271991220000019185e-03, 8.22442024950000016847e-03, 1.10761995889999999287e-03, 8.22442024950000016847e-03, 7.52271991220000019185e-03, 2.92158010420000020108e-03, -1.35428004430000010691e-03},{-8.70099975149999965880e-05, -1.35428004430000010691e-03, -1.60126003900000002736e-03, -5.03370014480000044221e-04, 2.52400990579999991159e-03, -5.03370014480000044221e-04, -1.60126003900000002736e-03, -1.35428004430000010691e-03, -8.70099975149999965880e-05}};
    }
}
