/*
 * JCeliac Copyright (C) 2010-2014 by Sebastian Hegenbart <shegen at cosy.sbg.ac.at>
 * 
 * The source code of this software is not yet made available to the open source 
 * community. If you obtained this source code without permission of the author 
 * please remove all the source files.
 * 
 * The above copyright notice and this permission notice shall be included in
 * all copies or substantial portions of the Software.
 */
package jceliac.tools.transforms.steerablePyramid;

/**
 *
 * @author shegen
 */
public class SP5Filters
        extends SPFilters
{

    public SP5Filters()
    {
        this.harmonics = new double[][]{{1.00000000000000000000e+00, 3.00000000000000000000e+00, 5.00000000000000000000e+00}};
        this.mtxFilter = new double[][]{{3.33299999999999985167e-01, 2.88700000000000012168e-01, 1.66699999999999987077e-01, 0.00000000000000000000e+00, -1.66699999999999987077e-01, -2.88700000000000012168e-01}, {0.00000000000000000000e+00, 1.66699999999999987077e-01, 2.88700000000000012168e-01, 3.33299999999999985167e-01, 2.88700000000000012168e-01, 1.66699999999999987077e-01}, {3.33299999999999985167e-01, -0.00000000000000000000e+00, -3.33299999999999985167e-01, -0.00000000000000000000e+00, 3.33299999999999985167e-01, -0.00000000000000000000e+00}, {0.00000000000000000000e+00, 3.33299999999999985167e-01, 0.00000000000000000000e+00, -3.33299999999999985167e-01, 0.00000000000000000000e+00, 3.33299999999999985167e-01}, {3.33299999999999985167e-01, -2.88700000000000012168e-01, 1.66699999999999987077e-01, -0.00000000000000000000e+00, -1.66699999999999987077e-01, 2.88700000000000012168e-01}, {-0.00000000000000000000e+00, 1.66699999999999987077e-01, -2.88700000000000012168e-01, 3.33299999999999985167e-01, -2.88700000000000012168e-01, 1.66699999999999987077e-01}};
        this.bFilter = new double[][]{{2.77642999999999987026e-03, -3.43248999999999984678e-03, 3.43248999999999984678e-03, -2.77642999999999987026e-03, -1.16698199999999991522e-02, -1.16698199999999991522e-02}, {4.96193999999999975359e-03, -6.40814999999999961033e-03, 3.58460999999999979301e-03, 9.86904000000000079795e-03, -1.28000000000000010471e-03, -2.85723000000000009954e-03}, {1.02669900000000001439e-02, -7.31410000000000046216e-04, -1.04771699999999991920e-02, 1.02185200000000000337e-02, 4.59034000000000004527e-03, -1.82077999999999992457e-03}, {1.45539899999999992886e-02, 1.12432100000000000095e-02, -7.90406999999999915207e-03, -0.00000000000000000000e+00, 7.90406999999999915207e-03, -1.12432100000000000095e-02}, {1.02669900000000001439e-02, 1.82077999999999992457e-03, -4.59034000000000004527e-03, -1.02185200000000000337e-02, 1.04771699999999991920e-02, 7.31410000000000046216e-04}, {4.96193999999999975359e-03, 2.85723000000000009954e-03, 1.28000000000000010471e-03, -9.86904000000000079795e-03, -3.58460999999999979301e-03, 6.40814999999999961033e-03}, {2.77642999999999987026e-03, 1.16698199999999991522e-02, 1.16698199999999991522e-02, 2.77642999999999987026e-03, -3.43248999999999984678e-03, 3.43248999999999984678e-03}, {-9.86904000000000079795e-03, -3.58460999999999979301e-03, 6.40814999999999961033e-03, -4.96193999999999975359e-03, -2.85723000000000009954e-03, -1.28000000000000010471e-03}, {-8.93064000000000010604e-03, -1.97750699999999987599e-02, 1.97750699999999987599e-02, 8.93064000000000010604e-03, -1.16119499999999993556e-02, -1.16119499999999993556e-02}, {1.18985900000000005550e-02, -4.08421100000000009134e-02, -1.48630499999999991789e-02, 3.07535599999999992304e-02, -8.53964999999999932467e-03, -3.93057299999999970597e-02}, {2.75515500000000010394e-02, -2.28218999999999991313e-03, -4.43564700000000020075e-02, -0.00000000000000000000e+00, 4.43564700000000020075e-02, 2.28218999999999991313e-03}, {1.18985900000000005550e-02, 3.93057299999999970597e-02, 8.53964999999999932467e-03, -3.07535599999999992304e-02, 1.48630499999999991789e-02, 4.08421100000000009134e-02}, {-8.93064000000000010604e-03, 1.16119499999999993556e-02, 1.16119499999999993556e-02, -8.93064000000000010604e-03, -1.97750699999999987599e-02, 1.97750699999999987599e-02}, {-9.86904000000000079795e-03, 1.28000000000000010471e-03, 2.85723000000000009954e-03, 4.96193999999999975359e-03, -6.40814999999999961033e-03, 3.58460999999999979301e-03}, {-1.02185200000000000337e-02, 1.04771699999999991920e-02, 7.31410000000000046216e-04, -1.02669900000000001439e-02, -1.82077999999999992457e-03, 4.59034000000000004527e-03}, {-3.07535599999999992304e-02, 1.48630499999999991789e-02, 4.08421100000000009134e-02, -1.18985900000000005550e-02, -3.93057299999999970597e-02, -8.53964999999999932467e-03}, {-8.22644500000000028495e-02, -4.81905700000000020156e-02, 4.81905700000000020156e-02, 8.22644500000000028495e-02, 5.39413899999999987833e-02, 5.39413899999999987833e-02}, {-1.17322969999999998647e-01, -1.22272300000000000431e-01, -9.45420200000000043872e-02, -0.00000000000000000000e+00, 9.45420200000000043872e-02, 1.22272300000000000431e-01}, {-8.22644500000000028495e-02, -5.39413899999999987833e-02, -5.39413899999999987833e-02, -8.22644500000000028495e-02, -4.81905700000000020156e-02, 4.81905700000000020156e-02}, {-3.07535599999999992304e-02, 8.53964999999999932467e-03, 3.93057299999999970597e-02, 1.18985900000000005550e-02, -4.08421100000000009134e-02, -1.48630499999999991789e-02}, {-1.02185200000000000337e-02, -4.59034000000000004527e-03, 1.82077999999999992457e-03, 1.02669900000000001439e-02, -7.31410000000000046216e-04, -1.04771699999999991920e-02}, {0.00000000000000000000e+00, 7.90406999999999915207e-03, -1.12432100000000000095e-02, -1.45539899999999992886e-02, -1.12432100000000000095e-02, 7.90406999999999915207e-03}, {0.00000000000000000000e+00, 4.43564700000000020075e-02, 2.28218999999999991313e-03, -2.75515500000000010394e-02, 2.28218999999999991313e-03, 4.43564700000000020075e-02}, {0.00000000000000000000e+00, 9.45420200000000043872e-02, 1.22272300000000000431e-01, 1.17322969999999998647e-01, 1.22272300000000000431e-01, 9.45420200000000043872e-02}, {0.00000000000000000000e+00, -0.00000000000000000000e+00, -0.00000000000000000000e+00, -0.00000000000000000000e+00, -0.00000000000000000000e+00, -0.00000000000000000000e+00}, {0.00000000000000000000e+00, -9.45420200000000043872e-02, -1.22272300000000000431e-01, -1.17322969999999998647e-01, -1.22272300000000000431e-01, -9.45420200000000043872e-02}, {0.00000000000000000000e+00, -4.43564700000000020075e-02, -2.28218999999999991313e-03, 2.75515500000000010394e-02, -2.28218999999999991313e-03, -4.43564700000000020075e-02}, {0.00000000000000000000e+00, -7.90406999999999915207e-03, 1.12432100000000000095e-02, 1.45539899999999992886e-02, 1.12432100000000000095e-02, -7.90406999999999915207e-03}, {1.02185200000000000337e-02, 4.59034000000000004527e-03, -1.82077999999999992457e-03, -1.02669900000000001439e-02, 7.31410000000000046216e-04, 1.04771699999999991920e-02}, {3.07535599999999992304e-02, -8.53964999999999932467e-03, -3.93057299999999970597e-02, -1.18985900000000005550e-02, 4.08421100000000009134e-02, 1.48630499999999991789e-02}, {8.22644500000000028495e-02, 5.39413899999999987833e-02, 5.39413899999999987833e-02, 8.22644500000000028495e-02, 4.81905700000000020156e-02, -4.81905700000000020156e-02}, {1.17322969999999998647e-01, 1.22272300000000000431e-01, 9.45420200000000043872e-02, -0.00000000000000000000e+00, -9.45420200000000043872e-02, -1.22272300000000000431e-01}, {8.22644500000000028495e-02, 4.81905700000000020156e-02, -4.81905700000000020156e-02, -8.22644500000000028495e-02, -5.39413899999999987833e-02, -5.39413899999999987833e-02}, {3.07535599999999992304e-02, -1.48630499999999991789e-02, -4.08421100000000009134e-02, 1.18985900000000005550e-02, 3.93057299999999970597e-02, 8.53964999999999932467e-03}, {1.02185200000000000337e-02, -1.04771699999999991920e-02, -7.31410000000000046216e-04, 1.02669900000000001439e-02, 1.82077999999999992457e-03, -4.59034000000000004527e-03}, {9.86904000000000079795e-03, -1.28000000000000010471e-03, -2.85723000000000009954e-03, -4.96193999999999975359e-03, 6.40814999999999961033e-03, -3.58460999999999979301e-03}, {8.93064000000000010604e-03, -1.16119499999999993556e-02, -1.16119499999999993556e-02, 8.93064000000000010604e-03, 1.97750699999999987599e-02, -1.97750699999999987599e-02}, {-1.18985900000000005550e-02, -3.93057299999999970597e-02, -8.53964999999999932467e-03, 3.07535599999999992304e-02, -1.48630499999999991789e-02, -4.08421100000000009134e-02}, {-2.75515500000000010394e-02, 2.28218999999999991313e-03, 4.43564700000000020075e-02, -0.00000000000000000000e+00, -4.43564700000000020075e-02, -2.28218999999999991313e-03}, {-1.18985900000000005550e-02, 4.08421100000000009134e-02, 1.48630499999999991789e-02, -3.07535599999999992304e-02, 8.53964999999999932467e-03, 3.93057299999999970597e-02}, {8.93064000000000010604e-03, 1.97750699999999987599e-02, -1.97750699999999987599e-02, -8.93064000000000010604e-03, 1.16119499999999993556e-02, 1.16119499999999993556e-02}, {9.86904000000000079795e-03, 3.58460999999999979301e-03, -6.40814999999999961033e-03, 4.96193999999999975359e-03, 2.85723000000000009954e-03, 1.28000000000000010471e-03}, {-2.77642999999999987026e-03, -1.16698199999999991522e-02, -1.16698199999999991522e-02, -2.77642999999999987026e-03, 3.43248999999999984678e-03, -3.43248999999999984678e-03}, {-4.96193999999999975359e-03, -2.85723000000000009954e-03, -1.28000000000000010471e-03, 9.86904000000000079795e-03, 3.58460999999999979301e-03, -6.40814999999999961033e-03}, {-1.02669900000000001439e-02, -1.82077999999999992457e-03, 4.59034000000000004527e-03, 1.02185200000000000337e-02, -1.04771699999999991920e-02, -7.31410000000000046216e-04}, {-1.45539899999999992886e-02, -1.12432100000000000095e-02, 7.90406999999999915207e-03, -0.00000000000000000000e+00, -7.90406999999999915207e-03, 1.12432100000000000095e-02}, {-1.02669900000000001439e-02, 7.31410000000000046216e-04, 1.04771699999999991920e-02, -1.02185200000000000337e-02, -4.59034000000000004527e-03, 1.82077999999999992457e-03}, {-4.96193999999999975359e-03, 6.40814999999999961033e-03, -3.58460999999999979301e-03, -9.86904000000000079795e-03, 1.28000000000000010471e-03, 2.85723000000000009954e-03}, {-2.77642999999999987026e-03, 3.43248999999999984678e-03, -3.43248999999999984678e-03, 2.77642999999999987026e-03, 1.16698199999999991522e-02, 1.16698199999999991522e-02}};
        this.loFilter = new double[][]{{1.70808000000000005832e-03, -4.89834000000000015923e-03, -7.75624000000000018290e-03, -1.88886400000000016786e-02, -1.92410800000000006826e-02, -1.88886400000000016786e-02, -7.75624000000000018290e-03, -4.89834000000000015923e-03, 1.70808000000000005832e-03}, {-4.89834000000000015923e-03, -1.04656200000000001310e-02, -1.32223400000000008286e-02, 8.21200000000000054912e-03, 2.00597599999999993969e-02, 8.21200000000000054912e-03, -1.32223400000000008286e-02, -1.04656200000000001310e-02, -4.89834000000000015923e-03}, {-7.75624000000000018290e-03, -1.32223400000000008286e-02, 2.79349199999999985022e-02, 6.55407600000000034601e-02, 7.96278599999999947556e-02, 6.55407600000000034601e-02, 2.79349199999999985022e-02, -1.32223400000000008286e-02, -7.75624000000000018290e-03}, {-1.88886400000000016786e-02, 8.21200000000000054912e-03, 6.55407600000000034601e-02, 1.28526659999999987027e-01, 1.63392359999999986497e-01, 1.28526659999999987027e-01, 6.55407600000000034601e-02, 8.21200000000000054912e-03, -1.88886400000000016786e-02}, {-1.92410800000000006826e-02, 2.00597599999999993969e-02, 7.96278599999999947556e-02, 1.63392359999999986497e-01, 2.01930799999999993632e-01, 1.63392359999999986497e-01, 7.96278599999999947556e-02, 2.00597599999999993969e-02, -1.92410800000000006826e-02}, {-1.88886400000000016786e-02, 8.21200000000000054912e-03, 6.55407600000000034601e-02, 1.28526659999999987027e-01, 1.63392359999999986497e-01, 1.28526659999999987027e-01, 6.55407600000000034601e-02, 8.21200000000000054912e-03, -1.88886400000000016786e-02}, {-7.75624000000000018290e-03, -1.32223400000000008286e-02, 2.79349199999999985022e-02, 6.55407600000000034601e-02, 7.96278599999999947556e-02, 6.55407600000000034601e-02, 2.79349199999999985022e-02, -1.32223400000000008286e-02, -7.75624000000000018290e-03}, {-4.89834000000000015923e-03, -1.04656200000000001310e-02, -1.32223400000000008286e-02, 8.21200000000000054912e-03, 2.00597599999999993969e-02, 8.21200000000000054912e-03, -1.32223400000000008286e-02, -1.04656200000000001310e-02, -4.89834000000000015923e-03}, {1.70808000000000005832e-03, -4.89834000000000015923e-03, -7.75624000000000018290e-03, -1.88886400000000016786e-02, -1.92410800000000006826e-02, -1.88886400000000016786e-02, -7.75624000000000018290e-03, -4.89834000000000015923e-03, 1.70808000000000005832e-03}};
        this.hi0Filter = new double[][]{{-3.34289999999999999473e-04, -1.13093000000000004288e-03, -1.71484000000000002747e-03, -1.33541999999999992307e-03, -8.06390000000000036449e-04, -1.33541999999999992307e-03, -1.71484000000000002747e-03, -1.13093000000000004288e-03, -3.34289999999999999473e-04}, {-1.13093000000000004288e-03, -3.50016999999999993062e-03, -2.43811999999999978392e-03, 6.31652999999999988784e-03, 1.26122700000000000781e-02, 6.31652999999999988784e-03, -2.43811999999999978392e-03, -3.50016999999999993062e-03, -1.13093000000000004288e-03}, {-1.71484000000000002747e-03, -2.43811999999999978392e-03, -2.90081000000000019390e-03, -6.73481999999999986911e-03, -9.81050999999999971679e-03, -6.73481999999999986911e-03, -2.90081000000000019390e-03, -2.43811999999999978392e-03, -1.71484000000000002747e-03}, {-1.33541999999999992307e-03, 6.31652999999999988784e-03, -6.73481999999999986911e-03, -7.02767900000000056426e-02, -1.14358630000000002780e-01, -7.02767900000000056426e-02, -6.73481999999999986911e-03, 6.31652999999999988784e-03, -1.33541999999999992307e-03}, {-8.06390000000000036449e-04, 1.26122700000000000781e-02, -9.81050999999999971679e-03, -1.14358630000000002780e-01, 8.13802000000000025359e-01, -1.14358630000000002780e-01, -9.81050999999999971679e-03, 1.26122700000000000781e-02, -8.06390000000000036449e-04}, {-1.33541999999999992307e-03, 6.31652999999999988784e-03, -6.73481999999999986911e-03, -7.02767900000000056426e-02, -1.14358630000000002780e-01, -7.02767900000000056426e-02, -6.73481999999999986911e-03, 6.31652999999999988784e-03, -1.33541999999999992307e-03}, {-1.71484000000000002747e-03, -2.43811999999999978392e-03, -2.90081000000000019390e-03, -6.73481999999999986911e-03, -9.81050999999999971679e-03, -6.73481999999999986911e-03, -2.90081000000000019390e-03, -2.43811999999999978392e-03, -1.71484000000000002747e-03}, {-1.13093000000000004288e-03, -3.50016999999999993062e-03, -2.43811999999999978392e-03, 6.31652999999999988784e-03, 1.26122700000000000781e-02, 6.31652999999999988784e-03, -2.43811999999999978392e-03, -3.50016999999999993062e-03, -1.13093000000000004288e-03}, {-3.34289999999999999473e-04, -1.13093000000000004288e-03, -1.71484000000000002747e-03, -1.33541999999999992307e-03, -8.06390000000000036449e-04, -1.33541999999999992307e-03, -1.71484000000000002747e-03, -1.13093000000000004288e-03, -3.34289999999999999473e-04}};
        this.lo0Filter = new double[][]{{3.41613999999999980173e-03, -1.55124600000000004846e-02, -3.84821499999999996899e-02, -1.55124600000000004846e-02, 3.41613999999999980173e-03}, {-1.55124600000000004846e-02, 5.58698200000000005927e-02, 1.59255700000000000038e-01, 5.58698200000000005927e-02, -1.55124600000000004846e-02}, {-3.84821499999999996899e-02, 1.59255700000000000038e-01, 4.03041480000000007511e-01, 1.59255700000000000038e-01, -3.84821499999999996899e-02}, {-1.55124600000000004846e-02, 5.58698200000000005927e-02, 1.59255700000000000038e-01, 5.58698200000000005927e-02, -1.55124600000000004846e-02}, {3.41613999999999980173e-03, -1.55124600000000004846e-02, -3.84821499999999996899e-02, -1.55124600000000004846e-02, 3.41613999999999980173e-03}};
    }
}
